86.9084
86.7095
86.4668
85.3073
85.2865
85.1652
84.9249
83.8595
83.6417
83.4428
83.2439
83.045
82.8461
82.6473
82.4484
82.2495
82.0506
81.8517
81.6528
81.454
81.2551
81.0562
80.8573
80.6584
80.4595
80.2607
80.0618
79.8629
79.664
79.4651
79.2662
79.0674
78.8685
78.6696
78.4707
78.2718
78.0729
77.8741
77.6752
72.4773
72.1382
71.7991
71.4601
71.121
70.7819
70.4428
70.1038
69.7647
69.4256
69.0865
68.7474
68.4084
68.0693
67.7302
67.3911
67.0521
66.713
66.3739
66.0348
65.6958
65.3567
65.0176
64.6785
64.3394
63.4276
62.9307
62.3129
61.9556
61.5927
61.2246
60.82
60.4635
60.107
59.7504
59.3939
59.0374
58.6808
58.3243
57.9677
57.6112
57.2547
56.8981
56.5416
56.185
55.8285
55.472
55.1154
54.7589
54.4023
54.0458
53.6893
53.3327
52.9762
52.6197
52.2631
51.9066
51.55
51.1935
50.837
50.4804
50.1239
49.7673
49.4108
49.0543
48.6977
48.3412
47.9847
47.6281
47.2716
46.915
46.5585
46.202
45.8454
45.4889
45.1323
44.7758
44.4193
44.0627
43.7062
43.3496
42.9931
42.6366
